	dev	uat	stage	prod	demo
Games-KYS-H5-19985	53	53	53	53	53
Games-KYS-H5-19996	48	48	48	48	48
Games-KYS-H5-19997	49	49	49	49	49
Games-KYS-H5-99984	188	188	188	188	188
Games-KYS-H5-99985	205	205	205	205	205
Games-KYS-H5-99986	217	217	219	219	219
Games-KYS-H5-99987	262	262	262	262	262
Games-KYS-H5-99988	172	172	172	172	172
Games-KYS-H5-99989	206	206	206	206	206
Games-KYS-H5-99990	193	193	193	193	193
Games-KYS-H5-99991	275	275	275	275	275
Games-KYS-H5-99992	211	211	211	211	211
Games-KYS-H5-99993	190	190	190	190	190
Games-KYS-H5-99994	183	183	183	183	183
Games-KYS-H5-99995	175	175	175	175	175
Games-KYS-H5-99996	307	307	307	307	307
Games-KYS-H5-99997	214	214	214	214	214
Games-KYS-H5-99998	194	194	194	194	194
Games-KYS-H5-99999	236	236	239	239	239
Games-S5G-H5-99935	35	1	1	1	1
Games-S5G-H5-99937	533	523	524	524	524
Games-S5G-H5-99938	433	434	460	460	460
Games-S5G-H5-99941	64				
Games-S5G-H5-99943	398	425	430	430	430
Games-S5G-H5-99947	386	388	406	406	406
Games-S5G-H5-99948	506	507	521	521	521
Games-S5G-H5-99950	619	635	657	657	657
Games-S5G-H5-99952	593	607	620	620	620
Games-S5G-H5-99953	468	469	479	479	479
Games-S5G-H5-99955	125				
Games-S5G-H5-99956	468	470	495	495	495
Games-S5G-H5-99957	513	543	548	548	548
Games-S5G-H5-99958	519	569	575	575	575
Games-KYS-H5-99980	271	271	274	274	274
Games-KYS-H5-99981	306	306	306	306	306
Games-KYS-H5-99982	271	271	271	271	271
Games-KYS-H5-99983	381	381	381	381	381
Games-S5G-H5-99959	265	269	272	272	272
Games-S5G-H5-99960	182	182	185	185	185
Games-S5G-H5-99961	148	148	148	148	148
Games-S5G-H5-99962	197	197	197	197	197
Games-S5G-H5-99963	165	165	167	167	167
Games-S5G-H5-99964	164	164	164	164	164
Games-S5G-H5-99965	152	152	152	152	152
Games-S5G-H5-99966	188	188	188	188	188
Games-S5G-H5-99967	189	189	189	189	189
Games-S5G-H5-99968	265	265	267	267	267
Games-S5G-H5-99969	216	216	216	216	216